0.1335    0.1243    0.0826
0.4075    0.3321    0.0777
0.0938    0.0802    0.2901
0.9179    1.0000    0.9612
0.3956    0.3746    0.2591
0.1589    0.1463    0.4190
0.1738    0.2835    0.1188
0.6002    0.6534    0.6589
0.1952    0.2163    0.3568
0.3118    0.2181    0.1531
0.2252    0.1459    0.0641
0.3765    0.4106    0.4171
0.1218    0.1550    0.0787
0.1002    0.0803    0.1582
0.6082    0.6620    0.1119
0.2052    0.2223    0.2249
0.2745    0.2691    0.4538
0.3738    0.4980    0.1317
0.3307    0.2229    0.3343
0.0979    0.1067    0.1108
0.3344    0.4729    0.4571
0.4931    0.4748    0.0928
0.1688    0.2366    0.4112
0.0420    0.0455    0.0480