55.2931612431996    51.5012894503323    34.1945785786128
168.804896943373    137.558736328243    32.2029309605930
38.8573073796753    33.2113697725035    120.180860566642
380.202913273377    414.212861090662    398.153762588254
163.852254098174    155.183608376785    107.327749815048
65.8361368913109    60.5817680826060    173.570933239979
71.9975668712541    117.414270657823    49.2003849752369
248.607250316633    270.649668448291    272.926443220370
80.8572541704699    89.6038111092530    147.803973658044
129.149532238919    90.3575260418218    63.4345008599344
93.2629013557831    60.4423293720288    26.5652348173877
155.932248115331    170.055642430473    172.779092407261
50.4446028192168    64.2078646133021    32.5812871236788
41.5167132992744    33.2643397211719    65.5489320183633
251.929047968707    274.196997496113    46.3682201742899
85.0163664845712    92.0873824597053    93.1668783738914
113.692938795931    111.479334901690    187.953911662842
154.832372006395    206.281065462978    54.5640472720070
136.963801673208    92.3212838781073    138.471556591814
40.5330672760276    44.1929939997786    45.8763393888081
138.523070849741    195.888159670309    189.340060587283
204.237946548648    196.666117835438    38.4269936595272
69.9051349289621    97.9928864863976    170.341742491260
17.3815918271168    18.8311023642132    19.8660865511448